4.009757936000823975e-01 1.235810220241546631e-01 -1.453006416559219360e-01 2.153108566999435425e-01 3.444482386112213135e-01 -3.761708736419677734e-02 -1.971222832798957825e-02 1.081070750951766968e-01 2.892547547817230225e-01 2.689602077007293701e-01 -2.535965144634246826e-01 3.886371478438377380e-02 2.541893720626831055e-01 -3.225925564765930176e-01 1.759846359491348267e-01 -2.036851048469543457e-01 -7.106485962867736816e-02 -2.976442277431488037e-01 2.451965212821960449e-01 8.723723888397216797e-02
-3.289496302604675293e-01 -3.427547216415405273e-02 1.081508472561836243e-01 2.351015061140060425e-01 1.146393790841102600e-01 -9.636102244257926941e-03 -1.661805361509323120e-01 -2.062137126922607422e-01 -3.647935390472412109e-01 1.454224884510040283e-01 -3.303061053156852722e-02 -1.407209783792495728e-01 4.273533448576927185e-02 4.144136607646942139e-01 2.538750469684600830e-01 5.464300047606229782e-03 4.458423852920532227e-01 -2.884869575500488281e-01 -1.053581759333610535e-01 1.844168901443481445e-01
1.597351208329200745e-02 1.698684096336364746e-01 2.605682313442230225e-01 -2.614310383796691895e-01 -1.070793047547340393e-01 -2.166138729080557823e-03 -1.284702960401773453e-02 2.369915544986724854e-01 -8.804555051028728485e-03 -2.504512965679168701e-01 3.954890966415405273e-01 1.775035262107849121e-01 2.382610738277435303e-02 -5.359154939651489258e-02 -4.463806748390197754e-01 2.413134127855300903e-01 -8.418077230453491211e-02 2.749553918838500977e-01 3.703891038894653320e-01 -1.879411637783050537e-01
2.835156917572021484e-01 -3.441202268004417419e-02 -1.679922789335250854e-01 2.509876154363155365e-02 4.440885484218597412e-01 -3.330665826797485352e-02 1.157966181635856628e-01 -1.330495625734329224e-01 -1.268779635429382324e-01 1.909104287624359131e-01 1.497949808835983276e-01 -7.042356729507446289e-01 2.127378992736339569e-02 6.342474371194839478e-02 -3.089961968362331390e-02 -1.436487883329391479e-01 1.251468211412429810e-01 -4.571858793497085571e-02 -2.130720466375350952e-01 -6.257782224565744400e-04
3.324545621871948242e-01 2.052675336599349976e-01 -2.919663488864898682e-01 1.823463439941406250e-01 -1.176227405667304993e-01 -2.277565449476242065e-01 -6.581000983715057373e-02 6.214761361479759216e-02 1.920979619026184082e-01 2.314151674509048462e-01 -1.022370085120201111e-01 3.796062767505645752e-01 -4.538917541503906250e-01 2.254465669393539429e-01 -3.064809441566467285e-01 1.637575030326843262e-01 -9.091145545244216919e-02 6.773444265127182007e-02 -1.306927204132080078e-01 4.910226166248321533e-02
-9.314925968647003174e-02 -8.311131596565246582e-02 -2.398405075073242188e-01 -4.231648892164230347e-02 -2.666560113430023193e-01 -2.625540196895599365e-01 1.396817862987518311e-01 2.769564390182495117e-01 1.273020505905151367e-01 -2.698488831520080566e-01 2.028502225875854492e-01 1.986833959817886353e-01 1.752453744411468506e-01 -2.707148492336273193e-01 -4.728456214070320129e-02 -2.207605391740798950e-01 -2.533555328845977783e-01 4.524309039115905762e-01 1.188467144966125488e-01 -2.849951684474945068e-01
-4.040080308914184570e-01 -1.870442479848861694e-01 2.043949961662292480e-01 5.119195673614740372e-03 6.627495586872100830e-02 -1.120014563202857971e-01 8.671086281538009644e-02 -6.532285362482070923e-02 -2.200466543436050415e-01 9.285174310207366943e-02 -4.292764067649841309e-01 -1.015382707118988037e-01 1.749722808599472046e-01 -5.752920359373092651e-02 4.091165363788604736e-01 -5.417822673916816711e-02 4.473772943019866943e-01 -1.939846575260162354e-01 -1.821743696928024292e-01 -6.659601628780364990e-02
-4.003022611141204834e-01 -1.648382246494293213e-01 1.893731802701950073e-01 3.186596930027008057e-02 3.918904662132263184e-01 2.437962442636489868e-01 -5.811920855194330215e-03 -3.157517313957214355e-01 4.255219697952270508e-01 1.895171403884887695e-01 -3.338736295700073242e-02 -4.448161274194717407e-02 -2.729974314570426941e-02 -9.378769993782043457e-02 1.597664803266525269e-01 2.948299236595630646e-02 4.227304756641387939e-01 -8.396310731768608093e-03 -1.261096596717834473e-01 1.107745915651321411e-01
-2.379315793514251709e-01 -1.583839207887649536e-01 -1.147611998021602631e-03 -1.112127006053924561e-01 -3.954860568046569824e-01 -1.542471200227737427e-01 3.640031516551971436e-01 1.461949944496154785e-01 -6.563864648342132568e-02 -3.410349488258361816e-01 8.685158193111419678e-02 1.674177646636962891e-01 -2.026778161525726318e-01 -6.191841140389442444e-02 -1.538324207067489624e-01 3.538047969341278076e-01 -3.969890177249908447e-01 7.424654066562652588e-02 8.014484494924545288e-02 -2.288785576820373535e-01
-8.382228016853332520e-02 -3.050958216190338135e-01 4.159706234931945801e-01 2.740035206079483032e-02 2.314207553863525391e-01 -1.964347064495086670e-01 -3.258709013462066650e-01 3.833396732807159424e-02 -2.510922551155090332e-01 8.145094662904739380e-02 -3.921322524547576904e-01 -3.404118418693542480e-01 7.559332996606826782e-02 1.917435377836227417e-01 9.209215641021728516e-02 -2.458474487066268921e-01 -1.026039645075798035e-01 -8.495127409696578979e-02 -2.305023670196533203e-01 -6.853866577148437500e-02
-2.964835464954376221e-01 -1.500545814633369446e-02 3.769076168537139893e-01 -3.856923058629035950e-02 -3.876895904541015625e-01 1.554088443517684937e-01 -1.884855143725872040e-02 1.139209885150194168e-02 -2.946993708610534668e-01 -2.839339673519134521e-01 -1.809336245059967041e-01 1.840072274208068848e-01 1.759260892868041992e-02 -6.795302778482437134e-02 -1.832967400550842285e-01 4.896078631281852722e-02 -4.390191733837127686e-01 3.203930854797363281e-01 6.926846504211425781e-02 -1.349584460258483887e-01
-1.232796087861061096e-01 -3.384514153003692627e-02 3.117198944091796875e-01 4.067711159586906433e-02 -2.442227303981781006e-01 -2.390108853578567505e-01 9.192150831222534180e-02 -7.160682231187820435e-02 2.264003455638885498e-01 -6.616007536649703979e-02 1.496046334505081177e-01 -1.916119456291198730e-01 2.589633464813232422e-01 -3.400273025035858154e-01 -3.684494644403457642e-02 3.943054676055908203e-01 -4.572497606277465820e-01 1.708866208791732788e-01 -1.855657398700714111e-01 1.659049987792968750e-01
-1.980539709329605103e-01 -1.950936615467071533e-01 -3.430089652538299561e-01 2.430019900202751160e-02 3.230372369289398193e-01 3.252213597297668457e-01 3.141379654407501221e-01 -2.696517109870910645e-01 1.747199296951293945e-01 1.391302347183227539e-01 3.894101083278656006e-02 -1.423463132232427597e-02 -7.478021085262298584e-02 -4.470374435186386108e-02 1.486958414316177368e-01 -3.200815320014953613e-01 -7.093522697687149048e-02 4.295493066310882568e-01 1.995989233255386353e-01 9.904595464468002319e-02
-3.812998235225677490e-01 -1.617889255285263062e-01 -2.625027596950531006e-01 6.560317426919937134e-02 1.863004267215728760e-01 5.872282013297080994e-02 4.634033143520355225e-01 -3.348253965377807617e-01 -6.666274368762969971e-02 -1.708876490592956543e-01 -1.388066355139017105e-02 1.894577592611312866e-02 3.952402994036674500e-02 2.684723734855651855e-01 2.252435982227325439e-01 -4.012439250946044922e-01 2.161381244659423828e-01 4.074295237660408020e-02 -1.053206324577331543e-01 -1.057319939136505127e-01
-2.322791367769241333e-01 -2.874083518981933594e-01 -1.584416776895523071e-01 1.739068478345870972e-01 2.280385494232177734e-01 3.560263291001319885e-02 1.577107608318328857e-01 4.537048749625682831e-03 -1.725550591945648193e-01 -2.033058702945709229e-01 -1.753797382116317749e-01 -4.441365897655487061e-01 -4.859529063105583191e-02 -3.190213441848754883e-02 3.703842461109161377e-01 2.737872600555419922e-01 1.072421669960021973e-01 -3.383728861808776855e-01 -1.584108769893646240e-01 -2.533673048019409180e-01
-2.518920898437500000e-01 -2.404566556215286255e-01 1.114392876625061035e-01 2.840912044048309326e-01 -2.483219355344772339e-01 3.458626568317413330e-01 1.682002246379852295e-01 -1.027555465698242188e-01 -5.234871432185173035e-02 -3.480252325534820557e-01 1.228860691189765930e-01 8.868873864412307739e-02 2.246312350034713745e-01 -1.539044082164764404e-01 -2.543507218360900879e-01 1.269545704126358032e-01 -3.731861412525177002e-01 -2.783357631415128708e-03 -3.494767844676971436e-01 4.768553003668785095e-02
-1.400063931941986084e-01 1.286707073450088501e-01 1.130115240812301636e-01 -1.776228696107864380e-01 -3.871778249740600586e-01 -4.496984481811523438e-01 3.189507126808166504e-01 2.045283764600753784e-01 -6.389459222555160522e-02 2.370656877756118774e-01 -6.565392762422561646e-02 1.850848942995071411e-01 1.784792095422744751e-01 2.066996395587921143e-01 5.249456968158483505e-03 3.351566791534423828e-01 -1.503031849861145020e-01 -7.152461446821689606e-03 -3.332402408123016357e-01 6.592182815074920654e-02
-5.150202512741088867e-01 -1.302156150341033936e-01 -7.368384301662445068e-02 1.031545698642730713e-01 2.296275347471237183e-01 -9.560486301779747009e-03 -3.737535700201988220e-02 -4.229410588741302490e-01 6.007206439971923828e-02 -2.207796126604080200e-01 -5.553850787691771984e-04 1.688980460166931152e-01 1.138543114066123962e-01 -1.169184520840644836e-01 1.064037308096885681e-01 -3.085090219974517822e-01 2.978675067424774170e-02 -2.686471343040466309e-01 -3.028529584407806396e-01 -2.997359335422515869e-01
2.339989989995956421e-01 -9.242698550224304199e-02 1.095207259058952332e-01 -3.253684639930725098e-01 -3.745052590966224670e-02 -8.967478573322296143e-02 -2.706896886229515076e-02 8.092477917671203613e-02 3.850545585155487061e-01 -3.688933327794075012e-02 -3.499284088611602783e-01 -2.621675133705139160e-01 3.512858152389526367e-01 2.190572023391723633e-01 2.463575750589370728e-01 3.719868361949920654e-01 -2.403468936681747437e-01 9.267868846654891968e-02 1.348853707313537598e-01 7.939139753580093384e-02
-3.880434036254882812e-01 -2.316781580448150635e-01 -3.686839342117309570e-01 -1.009539887309074402e-02 -1.766708046197891235e-01 2.280219644308090210e-01 7.730555534362792969e-02 -6.317732483148574829e-02 -2.986544370651245117e-01 -2.746407985687255859e-01 -2.354821935296058655e-02 -1.595859415829181671e-02 3.807206451892852783e-02 -1.639125347137451172e-01 -2.732068896293640137e-01 2.435797899961471558e-01 -3.859542012214660645e-01 3.387179598212242126e-02 -2.487914413213729858e-01 1.637600958347320557e-01
-4.794486761093139648e-01 -3.179629147052764893e-01 -9.280256927013397217e-02 1.505017131567001343e-01 -1.006810292601585388e-01 -6.846309453248977661e-02 1.275302842259407043e-02 -1.152072176337242126e-01 9.017305076122283936e-02 -1.581968218088150024e-01 -8.443611115217208862e-02 -1.117597594857215881e-01 -7.613497972488403320e-02 2.720741741359233856e-02 1.512277722358703613e-01 -1.195702552795410156e-01 2.155878841876983643e-01 -1.729009151458740234e-01 -6.587861776351928711e-01 -5.151203647255897522e-02
-4.886006191372871399e-02 -2.726528346538543701e-01 3.186740875244140625e-01 -7.211641967296600342e-02 -3.302739858627319336e-01 -7.863844186067581177e-02 2.995082736015319824e-01 8.861577510833740234e-02 -3.737993538379669189e-01 -1.195572167634963989e-01 -2.477036118507385254e-01 -2.689053714275360107e-01 -4.139623790979385376e-02 -8.604596555233001709e-02 -4.420993328094482422e-01 -9.977358579635620117e-02 -1.918395012617111206e-01 -9.788993746042251587e-02 6.558535993099212646e-02 2.253859192132949829e-01
-2.829356789588928223e-01 -4.484347403049468994e-01 -9.383704513311386108e-02 7.631175220012664795e-02 3.031154163181781769e-02 -5.274130031466484070e-02 -7.594274729490280151e-02 -2.832612097263336182e-01 -4.194026440382003784e-02 -3.801469802856445312e-01 -2.978868484497070312e-01 9.718028455972671509e-02 -4.450869932770729065e-02 -2.321150898933410645e-01 -1.133944988250732422e-01 -1.062339618802070618e-01 1.955057084560394287e-01 1.119003072381019592e-01 -4.892014265060424805e-01 2.046478679403662682e-03
-3.969102203845977783e-01 -3.458849191665649414e-01 -2.767597138881683350e-01 2.763341739773750305e-02 -1.230276301503181458e-01 -1.560105383396148682e-01 -6.577121466398239136e-02 -3.722534775733947754e-01 -2.572846412658691406e-02 -3.203337788581848145e-01 -7.711926847696304321e-02 -3.896063938736915588e-02 -3.256242871284484863e-01 7.431440800428390503e-02 2.196521759033203125e-01 -1.380697041749954224e-01 3.102928996086120605e-01 -7.359722256660461426e-02 -1.433989703655242920e-01 -2.263318896293640137e-01
-2.430590540170669556e-01 -1.719878911972045898e-01 -7.885456085205078125e-02 1.081745028495788574e-01 3.731397986412048340e-01 -1.378573328256607056e-01 -1.342907994985580444e-01 2.083531916141510010e-01 -3.474405407905578613e-01 8.681911043822765350e-03 5.987248942255973816e-02 -1.199350431561470032e-01 -1.105871871113777161e-01 -3.511037230491638184e-01 -2.574384212493896484e-01 -3.741292282938957214e-02 2.605867683887481689e-01 -4.794192034751176834e-03 -3.725898265838623047e-01 -3.536252379417419434e-01
-3.949697613716125488e-01 -2.177768386900424957e-03 -2.083261013031005859e-01 2.627151310443878174e-01 -2.785222232341766357e-01 3.716199696063995361e-01 2.538798451423645020e-01 3.899208083748817444e-02 -6.717497017234563828e-03 -3.869260549545288086e-01 1.769776493310928345e-01 -1.772583723068237305e-01 1.669875234365463257e-01 8.861634880304336548e-03 -8.358079008758068085e-03 -4.414268551045097411e-05 -4.385659992694854736e-01 4.784978181123733521e-02 -7.750421017408370972e-02 -9.357018768787384033e-02
-3.532541692256927490e-01 -3.750147670507431030e-02 -1.966556757688522339e-01 1.711790561676025391e-01 -1.568945683538913727e-02 4.048233032226562500e-01 3.031020797789096832e-02 1.657280176877975464e-01 -2.362040281295776367e-01 -1.713577210903167725e-01 -2.672717869281768799e-01 -2.546159625053405762e-01 -1.454049497842788696e-01 1.024805009365081787e-02 1.443168241530656815e-02 1.382730007171630859e-01 -4.041275680065155029e-01 4.848454892635345459e-02 -4.196403920650482178e-01 9.774581342935562134e-02
-2.187684029340744019e-01 -1.616918295621871948e-01 -2.985931336879730225e-01 -5.297134630382061005e-04 -4.830069839954376221e-02 9.802527725696563721e-02 -2.964641749858856201e-01 -4.813602268695831299e-01 -9.214825183153152466e-02 -8.548393845558166504e-02 -3.107872307300567627e-01 1.179138645529747009e-01 1.157573312520980835e-01 5.169942043721675873e-03 1.736244857311248779e-01 1.006863340735435486e-01 -9.098533773794770241e-04 1.621071547269821167e-01 -5.232417583465576172e-01 -1.588559001684188843e-01
-5.540628358721733093e-02 -4.916553497314453125e-01 -1.612541973590850830e-01 -2.767444215714931488e-02 -2.053135819733142853e-02 2.116228044033050537e-01 3.427723944187164307e-01 -3.547463119029998779e-01 8.672163635492324829e-02 2.034395001828670502e-02 1.330732367932796478e-02 -2.607917189598083496e-01 2.591927051544189453e-01 -9.518599510192871094e-02 1.612482666969299316e-01 -2.644911408424377441e-01 4.153226912021636963e-01 6.811548490077257156e-03 -9.572548419237136841e-02 -9.933952987194061279e-02
-3.532426655292510986e-01 -1.532452851533889771e-01 -3.373577892780303955e-01 -2.050481289625167847e-01 7.973352819681167603e-02 -1.537444628775119781e-02 -2.664709389209747314e-01 -5.281009674072265625e-01 -8.606409281492233276e-02 -3.463384211063385010e-01 -9.915016591548919678e-02 -8.307232521474361420e-03 1.409040242433547974e-01 -1.779541075229644775e-01 2.254743874073028564e-01 -1.921672075986862183e-01 -3.501331433653831482e-02 -3.306758776307106018e-02 -1.902748793363571167e-01 1.559473723173141479e-01
-2.663260698318481445e-01 -2.352664470672607422e-01 -1.979323923587799072e-01 -1.372244060039520264e-01 6.898907572031021118e-02 3.104265332221984863e-01 8.427874743938446045e-02 1.480726897716522217e-01 -3.363366425037384033e-01 -2.413783073425292969e-01 1.301032584160566330e-02 -8.752446621656417847e-03 -2.866358458995819092e-01 -4.598336294293403625e-02 -3.834840655326843262e-01 6.205209717154502869e-02 -5.045040845870971680e-01 7.002852857112884521e-02 -8.162545971572399139e-03 1.387373805046081543e-01
